0.001239306277198033
0.001417495568902929
0.0013926878853760944
0.0014700957089670923
0.0008814356731729646
0.0009508268898727534
0.0009254332682141981
0.0009150866315225643
0.0007448297120488841
0.0006194835286133
0.0006084811973457177
0.0005454317236616954
0.00042430326504028893
0.0004261010608637514
0.0004884819450601037
0.0003571409470799148
0.00030366800549081396
0.0003389008251063426
0.0003032413965579037
0.0002886822452595181
0.00022916525053099737
0.0001899241916482596
0.00017731896735436497
0.0001818526892037413
0.00015531523460348052
0.00016341236676033232
0.00012890467846469003
0.00011823950028980583
0.00010232856347957413
9.614779233489759e-05
8.809667550353353e-05
6.622586187403228e-05
7.147704068046953e-05
5.677716575806594e-05
0.0
4.9835726278948555e-05
4.153140789033724e-05
1.614864043859304e-05
4.365164466707052e-05
3.187843200121714e-05
2.830405766930522e-05
2.7399297620604614e-05
9.461882835882691e-06
2.3784126598465944e-05
2.3877219106598657e-05
1.459201602552019e-05
0.0
1.3934425558771733e-05
1.3946771200178726e-05
1.1095500839647647e-05
9.912507906359881e-06
1.0898804891571933e-05
1.076761464121764e-05
3.708049545779918e-06
7.425074310181919e-06
7.317653361708194e-06
5.312346956637706e-06
6.036545361453123e-06
5.679005549091307e-06
4.22593482944785e-06
3.7377907910835473e-06
2.6279342172287453e-06
2.4022141689763882e-06
2.2389789674568215e-06
1.5951192371000583e-06
1.5163083916702742e-06
9.169111197593324e-07
3.125802068909394e-06
1.7374123499987222e-06
1.6201334404280016e-06
9.739814424390258e-07
9.957447327591564e-07
1.367702970420221e-07
total_integral 0.02862272581149459
第0次, 0.02862272581149459
0.0010905530087734492
0.0017452372602413042
0.0017596671466186887
0.001801601614752201
0.0017726627287617174
0.001644938215619993
0.0015682206888219016
0.0014552224837301858
0.0013385545534281276
0.001249611137379035
0.0009912826725648168
0.0009005488954187905
0.0009985934438194292
0.0009698574134393775
0.0007641904116448633
0.0007766980416993415
0.0006459061554778648
0.0005396381085834137
0.0005295746804776732
0.0005204410913210447
0.0004097553804447116
0.00039153735219064017
0.00036337585549711985
0.00030635254196094755
0.00029614633232187575
0.000230628282566033
0.0002178395455172066
0.00022929709919041483
0.0002243978752934845
0.00018393487125397155
0.00017477229064157985
0.00014243381592319633
0.00014581639264975868
0.00011280955762925821
0.00011929914023573565
0.00011255055577220754
9.642566864733241e-05
9.109240402896189e-05
7.438708528926873e-05
3.923268318692858e-05
7.037244197659379e-05
5.708902984197547e-05
6.0252897731591354e-05
4.3851092797960116e-05
5.489900849015059e-05
2.8247033476925868e-05
3.329598368131135e-05
2.4447933679434387e-05
2.8605024553612783e-05
2.3003801160779577e-05
2.560225582944466e-05
1.1083904128031546e-05
1.7255547008732052e-05
1.6221604972697547e-05
1.417890725097339e-05
1.5611318379590954e-05
1.2489733339626243e-05
9.562855496052006e-06
1.1343448898065319e-05
8.7877695171497e-06
1.0721802607274375e-05
6.903004781054804e-06
6.994741160744017e-06
5.571296719869679e-06
6.2705115435315195e-06
5.654686825800235e-06
4.974744250968058e-06
0.0
2.6670435644981143e-06
2.0384569478322868e-06
2.395154248751007e-06
2.756401799922948e-06
7.248893709706818e-07
2.205720161548482e-06
9.902748962578498e-07
1.356728665813773e-06
1.3800034980264707e-06
4.6064682978998414e-07
1.2939858484110053e-06
1.4782650440934471e-06
total_integral 0.027658124433789705
0.0010694525231882868
0.0017651419853843137
0.0019233959060918698
0.0018672265825998042
0.0018903340179926495
0.0017514486297531028
0.0015037875742031366
0.0014900240690930203
0.001072748378747337
0.001213589007980219
0.0011511152364982724
0.0010976589780902532
0.0009506388671445307
0.0006488884800130077
0.0008586805525770978
0.0006157419409619057
0.0006478982282989319
0.0006788346785163461
0.0005193875036108656
0.0004724311069333276
0.0004080400735292804
0.00042568913509444587
0.00040244482622224124
0.00032566515925569684
0.000256543477227271
0.00025851732020631154
0.00023708876727104335
0.0002494774241607174
0.00014420499696693472
0.00019072120806003476
0.0001594563230616359
0.0001833674695956192
0.00012952347946528945
0.00011423970265242133
0.00014076224234274665
9.979454878940272e-05
9.179303572378747e-05
7.246112707767554e-05
0.00011946099026533776
7.088415913863813e-05
7.038616371975254e-05
3.853553656200629e-05
7.551149001799733e-05
3.587758326489682e-05
4.177309421221285e-05
3.767652301638819e-05
4.102626493561759e-05
3.5422351609217965e-05
3.0210407306638084e-05
2.828104722687974e-05
2.0195760588609905e-05
1.6069328019288606e-05
1.5908019654162386e-05
1.614940264448314e-05
1.4735725187594115e-05
9.349561795382575e-06
1.7902598193918298e-05
1.3521331725068047e-05
9.038539582117503e-06
9.521838433344751e-06
0.0
5.661367198265097e-06
4.586505226994267e-06
4.545243140574696e-06
4.3879118001832645e-06
4.214551116821487e-06
2.4691913369950332e-06
3.44014239523068e-06
3.906307958670758e-06
4.872216982349965e-06
2.216015870320915e-06
2.6863790999268886e-06
1.6652257802256103e-06
0.0
1.135078875656254e-06
2.073341597261167e-06
3.6263032432745947e-07
7.682422235772611e-07
1.195838521156496e-06
0.0
total_integral 0.027895838470928934
0.0011330068427312663
0.001735060283376162
0.0019157750306156747
0.0020239338466504085
0.001743804947725908
0.0016728188507001483
0.001538626966592934
0.0012124555004982445
0.0013099869525253819
0.0014590249591051954
0.0010924745616066244
0.0010117766749757964
0.0008967416376568136
0.0007707653120784506
0.0007994298272675948
0.0007260513008940883
0.0006533222956850093
0.00055342347693896
0.0004947233521335765
0.0004895775486938434
0.00046512290696905926
0.0004577375819870154
0.00035426153260500554
0.0003597623557683331
0.00025996673813841393
0.0002602207199204559
0.00017307893003548706
0.00028436732682268604
0.00019316413947506334
0.00016384657503856496
0.00014806592121937106
0.00014610562766726015
0.00013864567099379678
0.00012533905285675725
0.00012457695054138006
0.00011901931014519697
9.851421303801453e-05
8.347889980188543e-05
7.151462657181339e-05
7.829037022725171e-05
6.855602735058175e-05
5.9087431047040325e-05
4.5074421860481554e-05
4.4554980081216766e-05
3.068791049742253e-05
2.4827996340250664e-05
3.310077742480061e-05
3.149702672550027e-05
1.8669593059021377e-05
2.185146309240098e-05
2.3515146557487762e-05
2.5510368402207508e-05
2.3168001734040428e-05
9.073671493618682e-06
1.765791720688156e-05
7.704510282434337e-06
1.4317007596707584e-05
1.1435018835397194e-05
9.247895382199441e-06
9.376381071552322e-06
7.1549039763458214e-06
6.811934956315383e-06
6.167206158827523e-06
3.56533228592313e-06
6.156308961375189e-06
2.6471173600565546e-06
4.253571598695732e-06
4.648485862108953e-06
2.636879505048576e-06
4.0412068362629345e-06
2.0034306519428752e-06
1.2128263806738266e-06
1.5443890509762697e-06
1.3832095386886325e-06
9.970087795720557e-07
1.1285025992565433e-06
0.0
7.336766390787485e-07
5.910515805884012e-07
1.663262015631942e-06
total_integral 0.0279261134690535
0.0009979062403454497
0.00165492141690793
0.0019331446933053369
0.0018975236838118523
0.0015778469662327923
0.0016276900958593177
0.0012228904309466934
0.0012040881417335306
0.0013736678853261911
0.0012607815222504066
0.0011277746894582724
0.0011243930538021312
0.000783064573207333
0.0008382752930101295
0.000715658841232172
0.0006676640872241985
0.0008008715956699132
0.0006376063400157067
0.0005647364373724753
0.0005973544884325309
0.00040876165618759867
0.0003291076401335101
0.00035725091190858666
0.0003465693628862687
0.00034779540567354014
0.00030432249921018533
0.0002941449498051618
0.00022092243545265172
0.00024292579165666043
0.00020018365238127177
0.00014200509186122293
0.00015469093046531338
7.802222854505126e-05
9.468385604287511e-05
8.707054617684442e-05
8.779366029954798e-05
8.739033630326005e-05
8.223260766858758e-05
6.517365839158635e-05
0.00010066475163924336
6.380744437114807e-05
5.6442307320896954e-05
4.908169585096464e-05
3.794022711890593e-05
3.160508835493361e-05
2.460427108793472e-05
3.644345770222415e-05
1.4489082606990316e-05
2.7148452611454255e-05
2.2817104375098847e-05
2.4720804289917914e-05
1.93748833768403e-05
2.6853994834245766e-05
1.6404973409221338e-05
1.5408091958031287e-05
1.3714012497303588e-05
1.127656797766522e-05
8.27607687862916e-06
1.0035356811302606e-05
8.298707537870241e-06
9.1636064047428e-06
0.0
6.40123679713856e-06
1.858938542860463e-06
5.22032596575195e-06
4.457068016271668e-06
4.60738298101802e-06
3.6321581264170554e-06
2.2856413390183106e-06
1.7622451744878425e-06
2.579652605626674e-06
5.074309316197559e-07
2.486591324266737e-06
1.8916808505107257e-06
5.321227801505671e-07
8.104461259513288e-07
1.764458649260373e-06
1.6756058449539534e-06
1.0115652603862057e-06
2.687413003160747e-07
total_integral 0.027211231948825666
0.0011550756436519627
0.0017459449108376307
0.001907265982192749
0.0017194595459620354
0.0015266701974260089
0.0016122209875122258
0.0014166314161668434
0.0016232747325459493
0.0013941443609078916
0.0012936725266689318
0.001157554325047886
0.0010010776026529264
0.00121587479112202
0.0009233252406281623
0.0008590635111093278
0.0006413189511294187
0.0007777948855172685
0.000704411387085336
0.0006059602700736395
0.000524105914699767
0.00044406991053803365
0.000414874331255814
0.0003936961135950083
0.0003649009732172363
0.00029672084725817404
0.0002965833972298503
0.00024256022215287924
0.0001576356507680915
0.00016611478050081153
0.00018540396153725414
0.0001622161725997414
0.00015720648561104366
0.0001416125964057873
8.455051068102902e-05
0.0001262785304256339
9.942314829378779e-05
8.67618436948559e-05
6.993394053721159e-05
8.631761495651603e-05
6.864286122982155e-05
0.0001022891246055313
5.86467066205712e-05
4.498507461725579e-05
4.645900833926112e-05
2.9025842747531425e-05
3.147085688336276e-05
3.222230808405349e-05
3.434724498869854e-05
2.7303482983743375e-05
3.1402467391126394e-05
2.1188051171946855e-05
1.7762798284146553e-05
2.2467960979139753e-05
1.5108630257501186e-05
1.4685498022226395e-05
1.3808210217770826e-05
0.0
1.0531225245098367e-05
9.458386055618129e-06
5.555155235700084e-06
5.503970000371549e-06
8.120503633460513e-06
3.7435962198683557e-06
6.222113026228336e-06
5.221445600765011e-06
4.433028800172221e-06
4.877755958154099e-06
3.4726090670011206e-06
2.7966203363903802e-06
1.4845495449724854e-06
2.671446074090775e-06
2.7444603213029156e-06
2.767639624587329e-06
1.0759664087465688e-06
0.0
2.2530112783254317e-06
1.640453951906864e-06
1.5998672550662308e-06
1.3098120455291695e-06
4.640073503836725e-07
total_integral 0.02848147196465417
0.0012342613436959226
0.0016171899508020825
0.0017417948006063122
0.0017790120416312143
0.0017267728717484689
0.0015352979010396983
0.0014757961580027558
0.0013851182566653084
0.001216008906340193
0.0014766668922845312
0.0011229450448318305
0.0010722545803673736
0.0010105383290464362
0.0009044010465213647
0.0007751963393934758
0.0007368462502949594
0.0005929895247347275
0.0005163276339132374
0.0005909097900427387
0.000508890759271619
0.0004808061845268758
0.0003957472589005346
0.0003854451451416682
0.0003310769520340636
0.00029107642350499456
0.00030894936580962547
0.0003105583282730645
0.00020886522586195446
0.00013825068976040046
0.00020369318092959465
0.00014118487642566065
0.00015671988149040206
0.0001319406370074574
0.00013377787135546536
0.00011016915748902956
8.68196487206329e-05
7.823957332974339e-05
9.17923044997854e-05
7.86598893305435e-05
8.02521744870762e-05
6.527973569717151e-05
5.5360035978854165e-05
4.7391858726252e-05
2.9034005213321908e-05
5.356486712752766e-05
3.8777321923236425e-05
3.250111456282116e-05
3.081446210554105e-05
1.772630134857777e-05
2.421344828033284e-05
1.9976769479763093e-05
0.0
0.0
2.0925505183743806e-05
1.5297190073438457e-05
1.4750182261399281e-05
1.4616221424006335e-05
1.0950808045341974e-05
9.046604134258629e-06
9.715696507526094e-06
1.5507673802374406e-05
7.483002636467825e-06
6.974057769186572e-06
2.774592526903898e-06
4.203659921945075e-06
3.926552710118966e-06
3.883410525070545e-06
3.1611394004161603e-06
2.0561475875263594e-06
2.4359583535344694e-06
2.2927865405535942e-06
1.702626911827035e-06
2.2749504898491244e-06
8.345904658734226e-07
1.0122666026931732e-06
1.5838055859080814e-06
1.8983082409844938e-06
1.2141202697050786e-06
1.2343550358195396e-06
1.7250769787147092e-06
total_integral 0.027741364400541403
0.0011147567236856524
0.0013455123785186516
0.0019736303723552565
0.0017934084119700354
0.0019352627920464123
0.0018475548930243764
0.001621622449063241
0.001719679338816858
0.0013147727525580865
0.0013163170514405229
0.0009085198699809284
0.0009636860298767678
0.0009523037115345183
0.000732055480060682
0.000720439095062551
0.0007404595287201358
0.0006544550309131651
0.000629397111300336
0.000630678002138288
0.00043894331509495156
0.0005238893380793398
0.0003936290514876639
0.00037500718491855167
0.0003131894336335489
0.00025253731517474063
0.00026508369038643226
0.0003122968426173136
0.0002372703273127605
0.00019258455500871475
0.00022947028919811712
0.00012703953481161805
0.0001534051170620165
0.00015327285169391825
0.0001242559900765761
0.00010753689430241193
0.00011072064594169058
0.00010611742698353356
6.82608960835113e-05
8.491331363901109e-05
6.010856492235849e-05
6.15470268067572e-05
5.237932448415554e-05
4.4331516437722705e-05
4.388921430242906e-05
4.5163556827457645e-05
4.2843712139607554e-05
0.0
1.967673249942628e-05
3.211959585094981e-05
1.348613047735477e-05
2.0465083109746124e-05
2.0148777801782028e-05
1.885578188904684e-05
1.0043114852786671e-05
5.5552012570435955e-06
8.728514724312713e-06
1.1874039123806434e-05
1.0557860202689031e-05
8.858850821240854e-06
7.540496046676477e-06
4.113948196536779e-06
5.626046615954036e-06
5.5678584990121515e-06
6.307954221500573e-06
4.941452598782881e-06
5.609781657968968e-06
2.4677429087945985e-06
3.6503722461926358e-06
1.5969040825176884e-06
1.6973397721853176e-06
4.804588846831099e-07
1.5527395323624554e-06
1.951758544992124e-06
1.4414434101840355e-06
0.0
2.1490306148593064e-06
1.585621772609211e-06
1.5481640348911249e-06
0.0
9.78170014980005e-07
total_integral 0.028075374918759232
0.0010550675586964721
0.0015716597973529833
0.0017563411544950689
0.0018602522751158862
0.0017918985845396822
0.0013985569486421854
0.0015337865574601075
0.0012721555318028989
0.0013082003419429957
0.0011186764347411989
0.0011177365003187307
0.0009725599443449812
0.0010842631277609603
0.0009349549265253444
0.0008707583047938966
0.0007338098394945192
0.0006652977214463623
0.00044572224214806485
0.0005234543531702477
0.000524648285991395
0.0005061773031080097
0.0003703565895426636
0.00040478406055332423
0.0003580949703415407
0.00029570771665505657
0.0002510135816028119
0.0002689764147579403
0.00023928337063119402
0.00019318948694725557
0.00020626387208933907
0.00015045796872087871
0.00013930498040625654
0.00010855505706054507
0.00012662400330479498
9.122047121702732e-05
0.00010079820135113376
0.00010291664820165998
8.897878389797439e-05
6.81209172758811e-05
4.941562280519495e-05
6.305623798325691e-05
6.867275688438445e-05
4.4916897623712984e-05
4.575888240853825e-05
2.9771970199704528e-05
3.715947420441511e-05
3.5016751742303306e-05
2.7332443826999192e-05
1.8508863638274102e-05
2.4315508211797295e-05
2.1364325906280052e-05
2.2780730832489892e-05
1.514664103119869e-05
1.2848490792341092e-05
1.4307423995072957e-05
1.4827114956348086e-05
1.1430893395232976e-05
6.136218431177224e-06
7.849036131679783e-06
9.773623220542087e-06
8.274092857654092e-06
6.391998334993871e-06
7.189436023371063e-06
7.749105301722928e-06
1.1328065944672464e-06
4.600738690952076e-06
5.605217219222121e-06
4.386727700150235e-06
2.1291805084770624e-06
2.9082518828007345e-06
3.6305149853070785e-06
2.7388880637173956e-06
8.20220593447396e-07
2.2892609594806173e-06
2.1477664237140978e-06
1.3497177030305092e-06
1.100433480391524e-06
1.3667850665759238e-06
8.960732380015834e-07
1.6546672906147515e-06
total_integral 0.027259376619588303
0.0012016645420787802
0.0016009791810354002
0.0017135192006026575
0.0019540279860770877
0.00122439635268417
0.0016019652754595542
0.00162384507560121
0.0014966736843138875
0.00139410565510273
0.0011144739730530751
0.0012131882654826186
0.0009593894697792898
0.0008294761163605063
0.0010076583646203084
0.0007132152453454233
0.0006022889127442662
0.0006751721714762376
0.0007602567137320558
0.00047903722927442136
0.0005238813056211495
0.00047716741227046426
0.000346569539808387
0.00043472136662956005
0.0003622484802203486
0.00022101311173139342
0.0002534776206286615
0.0002855579714430125
0.00019737993329545947
0.00020512566859759814
0.0002174576309422354
0.0001778466731742862
0.0001466132720472877
0.00016520038741807546
0.00012760412117367764
8.513075625547204e-05
6.389128713355511e-05
0.00010630116641775978
9.779959868338804e-05
7.861357346843524e-05
4.7754520852230084e-05
4.06784309407174e-05
0.00011311048663032545
5.729068059975925e-05
4.6658628908645816e-05
4.0254716021312775e-05
3.675936427551362e-05
3.931957523541081e-05
3.371480587659404e-05
3.066620852871084e-05
2.4038963639505796e-05
3.678314048694269e-05
1.9564555436994312e-05
1.6560339177283187e-05
1.623794758478439e-05
1.5236269651958217e-05
1.0841346887196471e-05
8.065365892082162e-06
1.093587536045673e-05
9.066174722360518e-06
1.0061408191888735e-05
3.54111417085898e-06
6.3948112144482155e-06
8.91030896132081e-06
5.338248276802538e-06
6.167414281970834e-06
5.693563645652575e-06
5.4728381110287e-06
4.036951709128015e-06
4.146607730562045e-06
7.187762133176992e-07
3.1344329349302597e-06
1.749959248075459e-06
5.3741346260543464e-06
1.9511532537795543e-06
1.523344747765218e-06
0.0
1.2435907930873316e-06
1.4472127875923863e-06
1.181099796554891e-06
0.0
total_integral 0.027470558659187485
0.0011885435772650882
0.0016407003514408401
0.0016979804814909
0.0018249321997753554
0.0014666661829683591
0.0015905885603251495
0.001385908578806342
0.00117549300333995
0.001085442080087402
0.0011793294226188165
0.0012080048721937976
0.0009473639645714841
0.0009319464195039722
0.0009455889459615138
0.0007723185884474808
0.0007571989794831503
0.0007384085881435805
0.0005748039908630484
0.000654974420423491
0.0004971780960636919
0.0005222387639142941
0.000334967470894199
0.0003911310062261728
0.00034882267334994106
0.00037695709716747185
0.0002700825546711075
0.00024077634097869024
0.00023719381662349904
0.0001974363918554386
0.0002007423430419
0.0001715939781656845
0.00013423156634037847
0.00011555767582088788
0.00014246860099644915
0.00011007778644885776
0.00010045618866555815
9.842124668179127e-05
0.00012147697432165458
6.706485607919799e-05
7.538966879440424e-05
5.9881981471435975e-05
4.6792746125462726e-05
5.3574364564192676e-05
4.417649086356238e-05
3.679320700452131e-05
2.4635263280737568e-05
3.3903325140210156e-05
3.405883705311812e-05
1.0699809643103919e-05
1.72117548609972e-05
1.6155959658239454e-05
1.3096461200489977e-05
2.068877819934357e-05
2.1854452740887614e-05
9.8156341485432e-06
1.686401232437256e-05
9.69088263485088e-06
1.5299596399816435e-05
9.504682835243929e-06
1.0040500711524996e-05
7.64015356873611e-06
7.391838932607379e-06
4.718822142719392e-06
4.238963971811589e-06
7.100104592745076e-06
4.919958957764723e-06
2.217341609226773e-06
2.2752964419650667e-06
2.1689436378592576e-06
2.8548725719811895e-06
2.746671162117085e-06
2.2411568733665298e-06
2.544534543320891e-06
1.7801489400572552e-06
1.4948324883824097e-06
2.1637158636543293e-06
1.1503422197570882e-06
7.831642293921348e-07
1.331171908455574e-06
9.688424698622359e-07
total_integral 0.02708792792279743
0.0011458982316546193
0.0017144289446069175
0.0018404357339880811
0.001713562299831614
0.001932516810178738
0.0016591643868345762
0.0017720184077334154
0.001582137193408824
0.0014757273335622401
0.001156510824558549
0.0012136637656981432
0.0009521967722955773
0.0010226538734036542
0.0008851901232468684
0.0007619999987604343
0.0007633528738112907
0.0005441403765751277
0.0005198733607967664
0.0003847322460235875
0.0004908372422169762
0.000348186481092702
0.0005728530509513022
0.00038057332011908666
0.00029271481251668654
0.00027882022932634306
0.0002730671270066201
0.00025935453416117194
0.00021321249419082566
0.00019443648948364077
0.00017328828894603896
0.00016607562987269188
0.0001654333424119633
0.0001124832405132063
0.00011405404684824618
0.00015220108279206195
7.123913166440346e-05
0.00010225796790861988
8.262077930979468e-05
8.255780043021598e-05
5.8030268965444906e-05
7.899274899172343e-05
5.667070350989108e-05
6.346558968563801e-05
6.566308340118777e-05
3.398582198231068e-05
2.3672876373706318e-05
3.340517235087347e-05
8.971685942980126e-06
2.1970658237119736e-05
2.4835927937759386e-05
2.2621348874050402e-05
2.5919850015267385e-05
0.0
1.682482257060059e-05
1.4981703764641608e-05
1.7906157926449185e-05
1.3568087445332235e-05
1.075611680842145e-05
1.1876939234652104e-05
6.0744499088208605e-06
6.933186038556152e-06
4.810091488763518e-06
0.0
6.8772173135073935e-06
4.57150489108157e-06
4.528093254070481e-06
5.00050880842664e-06
5.378370976624874e-06
2.2098481361266764e-06
1.9230189753242903e-06
4.13002593342706e-06
3.3785988726985026e-06
1.8889076761963515e-06
2.2792596590458107e-06
2.5868949506076076e-07
0.0
6.077039319350149e-07
0.0
4.3343508579061087e-07
0.0
total_integral 0.028231873123195125
0.0011145998503641814
0.0016720226812558716
0.0019210934978100107
0.0021273976216283153
0.0018431519404037947
0.001436604241920755
0.0015722244334341621
0.0014143669044048963
0.0012475037715092975
0.0012948838250649544
0.0016774746569872918
0.0010042473910916257
0.0009201491745772947
0.0008834967129350185
0.000881731169904174
0.0007235910565279567
0.0005609690496221962
0.0005893790525607764
0.0005987548891135529
0.0004755526328310802
0.0004449894187807691
0.0004575483552716932
0.00042074004444812445
0.00040699925129024687
0.0003160491396716835
0.0002872287320525339
0.00024594629150604595
0.0002649219745150884
0.00020921036548084636
0.00018601990657592189
0.00018611141008852548
0.0001586885330027852
0.00010561266918572438
0.00010513363651101215
0.00012760135065028653
9.302075187345077e-05
7.405941069669761e-05
7.303376036469322e-05
7.950065796084697e-05
6.58712289096119e-05
3.243986080620423e-05
5.293779876523908e-05
5.547444608327943e-05
5.265177541619607e-05
2.7722727051693142e-05
4.9415912613530184e-05
2.9382333173347744e-05
4.07623281114116e-05
3.221779329528903e-05
2.118531704710271e-05
2.1672483820000138e-05
2.203604676139088e-05
1.6019234245538514e-05
1.549462040245388e-05
1.1016927742680299e-05
1.2401801426630151e-05
1.6692960795609812e-05
0.0
8.957964615415377e-06
1.1218826898927574e-05
7.075162530034059e-06
5.447909265011453e-06
9.275845150971256e-06
3.37319742179548e-06
5.451018613722442e-06
6.238348089258592e-06
2.8502525100986814e-06
3.8021336459709877e-06
3.666388307169983e-06
3.021930160131759e-06
1.864843355110853e-06
1.3033562586574617e-06
2.856259201114252e-06
1.3966908049705956e-06
1.3861724181838278e-06
3.258811792289878e-06
5.092095555662493e-07
1.0999302635752714e-06
2.321168438111111e-07
4.271633243141674e-07
total_integral 0.028861719341367487
0.0011114353610444173
0.0017385109386560853
0.0019980462643942555
0.0018271142861952766
0.0017104620361404063
0.0016550738994038615
0.0018537877722730105
0.0013709907416572201
0.0014826235043055125
0.001290226914335324
0.0012075978002325744
0.001046297469329057
0.0010189117651557694
0.0008210535253064997
0.00078416264231575
0.0005169182536036101
0.0005488957013718139
0.0006241831910637415
0.00056807187853249
0.0005960504702012853
0.00042859713186737126
0.00044082886103548395
0.00038772528519046906
0.0003843165178651357
0.00031821755279572606
0.0002744973444429713
0.00021923979507990538
0.00024421314035320726
0.00020606081291863731
0.00019879120744819193
0.00018351745642110348
0.0001732198222164663
0.0001357587251848659
0.00011147317772904864
0.0001327599961581343
9.765057802236779e-05
9.645020595910417e-05
8.818432925190285e-05
8.480538463498319e-05
8.048965727321594e-05
6.0106397960364325e-05
5.88649071948721e-05
4.968037554761122e-05
4.868320331690156e-05
3.8042504332011516e-05
3.5942973485727145e-05
3.955903610007339e-05
2.8371321128237584e-05
2.696680453887632e-05
2.2294553427447973e-05
2.238686374651095e-05
2.323619396595526e-05
1.7812739348634722e-05
1.7437795489111434e-05
1.6115570570166642e-05
1.4854708090599698e-05
1.4853828734563836e-05
1.000325713502303e-05
1.7495500829820434e-05
9.844905967985032e-06
8.633720708322244e-06
2.923179203889574e-06
5.078921630088269e-06
5.986443464158253e-06
2.4213460792216393e-06
2.082359814700395e-06
4.447293909723901e-06
3.6988088183256457e-06
4.2792133043576965e-06
3.0867750102203205e-06
1.8097511967387483e-06
1.946998266488021e-06
1.3247392774675936e-06
1.1210692827065075e-06
2.214673184047382e-06
1.1425830043481602e-06
7.828639118988621e-07
3.8803485512161556e-07
1.185234000160393e-06
1.0051286969618028e-06
total_integral 0.02868532397589569
0.0012221443311959848
0.001632581242523625
0.0020748290347263523
0.0016395247332279545
0.0016989707333035244
0.0016039477767990275
0.0013832463922631088
0.0014692326146342719
0.001344419324429228
0.0011222925022202994
0.0011871197815576603
0.0010416802760035958
0.0008742620781167747
0.0008966401598376488
0.0007855573072828279
0.000647201380275376
0.0006869759732227414
0.000750190722004326
0.0005913556896366422
0.0005649031766365491
0.00047254346589861013
0.0003764917199069845
0.0003779415712016766
0.00030690214377124893
0.00033386974544788895
0.0002924423606281908
0.00024308853876426112
0.000212545498862799
0.00025161235840303004
0.0001784477604598895
0.00012011396842461103
0.00017656114825408015
0.0001434843750660378
0.00012480916571453997
0.00010649753320157188
0.00012088819653202497
6.448318039258882e-05
7.781285294222123e-05
7.427670243413375e-05
7.303654611744263e-05
6.320617519831724e-05
3.554010311181641e-05
4.4092603291002614e-05
5.162307175879929e-05
4.181701108378342e-05
3.302749085865377e-05
2.6480027921502208e-05
3.284621546529587e-05
1.3257145166432184e-05
2.295810154966387e-05
2.13598843662273e-05
1.809059591760143e-05
1.8526200322362416e-05
1.3781593146146705e-05
1.3597691812826337e-05
1.1491545697794351e-05
1.326223889166769e-05
1.2009905657826971e-05
8.481580906719677e-06
6.219919043063321e-06
8.589997893822874e-06
7.614361444540035e-06
0.0
4.853845420964804e-06
3.5997789751590926e-06
5.348559886145186e-06
1.4006534504463575e-06
4.553610942350045e-06
3.7336769630627015e-06
3.223663036728613e-06
2.4700930284018167e-06
1.3597601627663994e-06
5.067721089322345e-07
2.4493311665224014e-06
9.712873425974875e-07
9.255378155430133e-07
6.602887290910767e-07
1.1956635947596667e-06
5.134136185192933e-07
0.0
total_integral 0.0279005634590692
0.0010990994084753476
0.001626958655262525
0.0018001895989474056
0.0017795574215409365
0.001713660302584768
0.0015866395571808732
0.0016747810837460478
0.0013651805853457622
0.0013297868762304347
0.0012101998793367346
0.0010862773039933722
0.0011382574540337283
0.0009541859352437099
0.0008814961000583043
0.000770143037242158
0.0007092642277919612
0.0006099341076228759
0.0006576262058853258
0.0005731301219875776
0.0004408900976394069
0.0005002030749102925
0.00041380974090039817
0.00037326997448936514
0.00035941527324849146
0.0002871443540463752
0.00023942152450403672
0.00019507217229988496
0.0002509882491493851
0.0002178283824669793
0.000172032810012841
0.00015840191671771751
0.00014260414133281736
9.938611993241373e-05
0.00012655462302141012
0.0001465113028882701
0.00011209124729206545
9.308510875013252e-05
9.779403197906177e-05
6.524554012184809e-05
6.136191625394552e-05
6.78929424768983e-05
4.508909058047613e-05
5.9851357115977516e-05
5.580630126869237e-05
3.935299814993343e-05
3.446420653172236e-05
2.9411773718534344e-05
3.423568076550142e-05
1.6861470383884726e-05
2.5522170859092286e-05
1.792315402229194e-05
1.7696907658731278e-05
2.1253174894336648e-05
1.3436369499400338e-05
1.4638386004240312e-05
1.766236770316411e-05
7.5352106862985515e-06
8.646560284881702e-06
6.661334337221304e-06
1.1674466535886212e-05
8.372063347631317e-06
0.0
4.807226654575995e-06
3.457083871872422e-06
6.445986386410002e-06
4.773048212784601e-06
3.623958596197925e-06
1.8384734589467951e-06
3.2252171979704347e-06
1.7068082918964107e-06
2.924711450049657e-06
2.1710566700388373e-06
1.3883656410767555e-06
9.588354861899203e-07
0.0
1.2256778379750854e-06
1.9479743057170203e-06
0.0
1.6262404394539413e-06
6.779953234815931e-07
total_integral 0.027716266111116418
0.000985177752507946
0.0013688651100213854
0.0018404768655256119
0.0015499509816173115
0.001388635717218026
0.0016696320554679068
0.001718178959745478
0.0014704884314675195
0.001325955268670456
0.0010820824878014577
0.0011033851789164222
0.0010408175690894339
0.0009147509730053254
0.000982290081465131
0.0007601538981165868
0.0007113835038748896
0.0006314099411811565
0.0005283015469968363
0.0005101365148758037
0.00042805451057247593
0.000448653521075035
0.0004078157823534755
0.00039883818884646314
0.0003592652248252728
0.00025580677020276216
0.00031101554630611996
0.0002521999250127804
0.0
0.00015078917209009683
0.00016907983427061072
0.00017052066004552351
0.00012667332916293443
0.00014725099890659018
0.0001136193591849663
0.0001015960261792549
0.0001016388527037122
0.00010257848630912446
0.00010042759549220484
6.346944703506795e-05
4.04508595723659e-05
0.0
4.2631113783380476e-05
4.789710334288751e-05
5.131963314398818e-05
4.771093796949971e-05
4.369561078681335e-05
3.193532628696482e-05
1.848353595240944e-05
3.0663285388000566e-05
2.1918405739716147e-05
2.2426405521423006e-05
2.048640605568779e-05
1.8157850741191906e-05
1.9895205172955128e-05
1.2682588604974646e-05
1.3360945482381165e-05
1.3343551369336977e-05
9.597129162570787e-06
8.428601243589061e-06
8.677407514842135e-06
4.145300002340388e-06
6.688358073980747e-06
7.411816552437441e-06
5.178190631142536e-06
1.0153290253997144e-06
5.319418226918142e-06
4.358990374602231e-06
3.2623085079006185e-06
3.723218477997569e-06
3.1213639485314475e-06
3.0773706869574434e-06
2.051566898703658e-06
1.6608021940804842e-06
2.602693540100862e-06
1.3633408570194653e-06
1.3134996180032637e-06
7.126812447329186e-07
9.119813676645192e-07
6.445307935410593e-07
6.514324187844942e-07
total_integral 0.026374342164414973
0.0010852634984771811
0.001686824143626011
0.0017873421259879097
0.0018704567871178986
0.0019925400777533703
0.001660271131970833
0.0015111377892914036
0.001598872563968914
0.0014118964742153167
0.0010862759762264198
0.0011605428717694675
0.0011676221931500507
0.000929971964156014
0.0009263711198410323
0.0007379338488492709
0.0007861828860614268
0.0007391226580059837
0.0005841589388152865
0.0005592933599511506
0.0004630491395645925
0.0004867683093620563
0.00036724138554944364
0.00033630391530401084
0.0003917396299267396
0.0002973453509081453
0.0003019346900214446
0.00026337156609404196
0.00021712659058750088
0.0001609927518779534
0.00017865440095984582
0.00015609459501334503
0.00016472741627363883
0.00014807133747057465
0.00011231726949618438
0.0001273256735177688
0.00011547009092169886
0.00010076407161295638
0.0
5.761451033281592e-05
6.309831280026998e-05
5.549103653828318e-05
6.013606098019427e-05
4.479425432910936e-05
4.584169152357283e-05
4.405846511985238e-05
2.9207031212017525e-05
3.728787666006776e-05
3.197660738182462e-05
2.739644256186073e-05
1.4289845595174016e-05
2.0748655687465933e-05
2.066797065304748e-05
1.7866344022735678e-05
1.6830632931941145e-05
1.6340186881331556e-05
1.1855623902711908e-05
1.298755662311329e-05
7.78578567306051e-06
9.067855455650637e-06
1.0034634969107227e-05
0.0
7.10349523915171e-06
7.92332438362429e-06
3.6355918530905897e-06
5.264515540856036e-06
0.0
4.3320820085071385e-06
0.0
4.5106953955837634e-06
3.523577056006157e-06
2.222650381302512e-06
0.0
1.3415665039864547e-06
1.7186174368680647e-06
2.2544467972736414e-06
0.0
0.0
1.1626024354527795e-06
5.970324358032588e-07
1.1572726290450184e-06
total_integral 0.028373503445628646
0.0010955095200311151
0.0016064481380326841
0.0019405598759364552
0.0017481965362205437
0.001968352971398727
0.001545935504976989
0.0015742806280197444
0.0014244225958777502
0.0012386103423082885
0.0012459790039536897
0.001111235753536681
0.0010704818786229078
0.0008763962211773206
0.0007248102905444503
0.0007957167381002668
0.0007464674568216914
0.0005974774883667828
0.0006721582329864803
0.0005860603536558398
0.0003953461505681506
0.00040930493063400387
0.0003855182592872549
0.0003433867945907985
0.00027290295013633565
0.0002746571598620705
0.00021689935804280566
0.0002625927848490859
0.00022859415941016626
0.00020475173879737062
0.00019184842367650444
0.00015436653026661184
0.00013418805988178595
0.00016912604812808864
0.00012835712715663104
0.00010654866992001239
0.00010810067499180897
0.0
8.570141063288892e-05
8.493785043388185e-05
7.494654242936444e-05
7.460520127461501e-05
5.910857955711803e-05
4.63643751132113e-05
5.8066191315672264e-05
4.191819651732632e-05
3.517046014839562e-05
4.284929234383926e-05
2.5253745784892318e-05
1.7892178671630457e-05
1.9479818690000403e-05
2.1745615986139273e-05
1.2728595641225217e-05
1.0392614886605716e-05
1.6968310507607196e-05
1.0974064608428498e-05
9.423129363680496e-06
1.0393809756720472e-05
8.671210229626756e-06
1.0402348342081303e-05
0.0
9.286387585250695e-06
3.7365418169064263e-06
5.923206013016649e-06
4.138115799586189e-06
4.871788062881136e-06
3.602045250970107e-06
4.996531509254269e-06
2.0972844545317926e-06
4.953634878551403e-06
1.6816740615972609e-06
2.2526029103425414e-06
9.93126798372966e-07
7.013213726367222e-07
1.5210269181066096e-06
2.8707215904500198e-06
1.6764649320066935e-06
8.195044979142135e-07
9.142024930150197e-07
8.983924650302331e-07
8.537123474908957e-07
total_integral 0.027392371178760762
0.0010903905311975524
0.0018106207585978
0.001839587709671804
0.001843062938046134
0.001951797651105081
0.0016206529979947682
0.001339192747073753
0.0013122977604757772
0.001316952796385928
0.0010191598371429814
0.0012136631207335443
0.001039432345197293
0.000937361665229157
0.0009095977707562684
0.0007968503788312023
0.0006871968868146193
0.000739295931341821
0.0005720964936600976
0.0005263290990904652
0.0004957036732352486
0.00043777583942280406
0.0004061779699093283
0.00037636819025830637
0.00036604627599417085
0.00030161393787603893
0.00027745083088058433
0.00030347047725568486
0.0002235158420171218
0.0002116862241190271
0.00018005731285816672
0.00016365732610314573
0.00019220313581127857
0.00014097615107646518
0.00013168065166482278
0.00011244147934584942
9.693739860120574e-05
8.9694814992946e-05
8.527810554848737e-05
8.179269610519876e-05
6.992347333593104e-05
6.38143164220829e-05
5.605203849636062e-05
6.154154467640504e-05
4.8412430331442894e-05
4.6815046265668995e-05
4.037202657396761e-05
3.706208484831395e-05
3.2282177784039504e-05
2.5793828452856445e-05
2.346771521958891e-05
2.523710984638559e-05
2.207770181171386e-05
1.8259107063670455e-05
1.5245720143194416e-05
1.5461465523675343e-05
0.0
1.5727413178351152e-05
1.2209309054115605e-05
7.709471052720125e-06
8.292191143809549e-06
7.4175721494293e-06
5.283626446003869e-06
5.443182867744598e-06
4.118620571025959e-06
5.5461032975328495e-06
2.3591875122658e-06
4.3844647702547875e-06
5.565628105050993e-06
5.842888057709625e-06
3.5524687225437123e-06
7.994235801042512e-07
2.2418178232182573e-06
1.2046275759879723e-06
1.9034782649854508e-06
0.0
1.92453664440286e-06
1.4942290049888716e-06
1.7637923871945747e-06
1.4926071042119711e-06
2.6892514946010707e-07
total_integral 0.02794843110368035
0.0011578439429821288
0.0017163713994377023
0.0016714591143369404
0.001830890215738739
0.0015629050300283774
0.0018739340594153837
0.0014216487629827594
0.0013786130774048235
0.0013139897979056782
0.0011264083677877022
0.0010789846160362494
0.0012114420179808309
0.000784821175187492
0.0009007944244404849
0.0007162454221173865
0.0007052276922620347
0.0007580905892147817
0.0005125188018550572
0.000507359946953985
0.0005284680323382653
0.00047727534256359635
0.00031579456853626916
0.0003433570643573948
0.00029001148732527677
0.0003462145632517797
0.0002983696458763574
0.000268521483148338
0.0002170886048822132
0.00023818601977689796
0.00022140507901685815
0.00011518303659620324
0.00015019076997510204
0.00015555204042952278
0.0001294623375287574
0.00010174233117965197
0.00014660562122482582
8.224269491140732e-05
7.605716347446379e-05
8.12881469790684e-05
7.900999092153323e-05
7.332467036464759e-05
5.483859617889416e-05
5.797028721733212e-05
5.5188630921960815e-05
4.246251944207644e-05
3.7965489543955354e-05
2.4246351114537687e-05
3.150936572521015e-05
4.123738681746746e-05
2.6108760510823375e-05
1.8661721250838564e-05
2.40456676497639e-05
7.633297235379558e-06
1.5198620045925759e-05
1.1894677053010546e-05
1.160720450248132e-05
7.451120471987653e-06
1.2824304808294078e-05
4.987360837792806e-06
6.410383901066345e-06
5.147616298481696e-06
5.117073554704244e-06
5.436616200314449e-06
3.80541089941972e-06
6.955406022973629e-06
5.298534552702047e-06
4.132080441780165e-06
2.6500602364119837e-06
3.2914451476069956e-06
1.7768647898027634e-06
3.6337668716066777e-06
3.3408576269985526e-06
2.8901586213172875e-06
2.2594226925761947e-06
5.306423647683266e-07
1.6545202771750885e-06
1.7307965006143789e-06
5.481706891728489e-07
1.52657013183586e-06
9.953491231774458e-07
total_integral 0.027519862256999206
第20次, 0.02783020784665468
0.0011626653192926368
0.0016846122351198093
0.0017949831952916446
0.0020262932706245703
0.0017294181363960465
0.0015080261702942876
0.001646963322847898
0.0015509845304089458
0.0012695491992090289
0.001280633237197682
0.0009663028085011137
0.0009499908514328298
0.0009532198841686772
0.0009087623714672589
0.0008268323966929692
0.000813661978384851
0.000601148822217532
0.0006172472966793765
0.0005283814271068239
0.0005351216985137225
0.00043658634681618865
0.00036006013493322106
0.0003765431720409624
0.0003259901175592296
0.00039922884741115997
0.0002753306706058682
0.0002562165037741769
0.00025843770678784996
0.00018096580463836684
0.0001748146735425366
0.00018264855306110217
0.00012854823284548622
0.00013263454261797883
0.00012418048576447798
0.00011459009225687269
9.804707698188746e-05
0.0001040308706799668
0.00010020195545589547
6.181994549837714e-05
7.471113860618202e-05
7.854634000964251e-05
4.999317227430767e-05
4.790915203865091e-05
4.898253421414447e-05
4.4611811077856337e-05
2.2503635428101515e-05
2.9878953373359998e-05
3.0155514519180057e-05
2.9020153484864416e-05
9.850300037430375e-06
2.2706904100627296e-05
2.508186777087834e-05
1.621128110777031e-05
2.0768732949950694e-05
1.5769804640251205e-05
1.3707560161259977e-05
1.2111170535771497e-05
7.3501474590669195e-06
5.451100694063737e-06
9.075204265340614e-06
1.0154527182931393e-05
5.8227308929480814e-06
0.0
5.715029132029779e-06
6.718773921340361e-06
3.90740868283408e-06
2.235611949273457e-06
4.639822179205214e-06
1.4311635265243022e-06
5.0599159305182465e-06
3.0846813873935516e-06
1.3721861466430254e-06
1.7372780048708919e-06
1.0933981609668194e-06
1.1612856373258605e-06
1.7860087871701443e-06
1.547906374085988e-06
4.7422922974680654e-07
1.3268847127331805e-06
9.55542390364396e-07
total_integral 0.028120294748096925
0.0010405888192122322
0.0017031760112132877
0.0018637605538526043
0.001801337672238434
0.0019370027141074992
0.0013963376243660505
0.001697341524052928
0.0014387519361984224
0.0014135322376990997
0.0012399312388242394
0.0011612614615017203
0.001183588837052846
0.000935030386410697
0.0009174203213271537
0.0007907216153055085
0.0007182859390486976
0.0007043487693262767
0.0007019884776605943
0.000565037771690973
0.0005261022432074562
0.0004392919265081406
0.00031561252082526996
0.0003357601741487462
0.00035005466430690395
0.00029544465640876606
0.000263286510792818
0.00026968435712343777
0.00022861111080216417
0.0001716573819010851
0.00020955017550613173
0.00012818835970583334
0.00016223521026204163
0.0001050375400809417
0.00012499606203335065
0.00012084277437693613
0.00010491785803876572
8.42662376900092e-05
9.27221666198074e-05
6.170715681797986e-05
7.31267230332708e-05
6.761241388663395e-05
6.877407029752311e-05
4.87226432163741e-05
3.132202007571412e-05
5.079109075698958e-05
3.7320843585755004e-05
3.906919700245775e-05
2.0875803440365567e-05
1.9883698563431373e-05
0.0
2.4593755090492435e-05
2.130617014358879e-05
1.684963921177455e-05
1.8988218761622375e-05
1.8518002037124322e-05
1.3631232400285321e-05
1.3511480821850486e-05
1.0816372081870671e-05
9.491904908880744e-06
8.678864874147968e-06
8.128270565057977e-06
7.694132722245562e-06
3.868733976800682e-06
2.170411985281601e-06
8.578826193490534e-06
4.208133089811155e-06
4.669186020554885e-06
4.621269832838039e-06
3.766453110977898e-06
2.7058605681169624e-06
5.04142266818329e-07
1.3327501727011223e-06
1.5855424867662873e-06
2.6269760676181038e-06
1.8804903920040246e-06
4.2307879537037053e-07
1.3575747134051932e-06
7.405844387189308e-07
1.5838933926197653e-06
8.10413856709646e-07
total_integral 0.028276553867083918
0.0011591604959432704
0.001763528569698755
0.0016912395032488842
0.001673954542624948
0.0020892606872829444
0.0015361825519337048
0.0014240452277089447
0.0015163539531134792
0.001341862716213313
0.0012660511543936155
0.0010512714927424648
0.000983012249821205
0.0009504385966676352
0.000803546183376994
0.0008100938145031171
0.000762354741154294
0.0006521579092090576
0.0006105702733422546
0.0005505387535291846
0.00036281893948200954
0.0005185910803754766
0.0004623408738294667
0.00035349006406027415
0.0003205710419223396
0.00031518691990426394
0.0002946860089811246
0.0002278183727376114
0.00023151854487632876
0.00021884457871243224
0.0001925529161633364
0.0001885049801225067
0.00014367359550868892
0.0001288857514560756
0.00012434374253739795
0.0001116918085354294
0.000104270727178621
4.565574003744502e-05
7.384991931198857e-05
7.009388393454303e-05
7.502567270904276e-05
5.857636740633925e-05
6.294785763244627e-05
4.442448055991415e-05
4.8536414042351834e-05
5.0351779171013184e-05
4.6872883943933655e-05
3.215953993451468e-05
1.4882824036395027e-05
2.499962313011659e-05
2.73772203139573e-05
2.1158245817223835e-05
2.1913428532319247e-05
2.14068413572772e-05
1.1217548591565862e-05
1.4033320783381606e-05
1.503978828669589e-05
1.4701700960956678e-05
1.3706685344009087e-05
1.1879903586308974e-05
9.51712626985635e-06
6.860184491846872e-06
4.770957292240502e-06
7.923010344334988e-06
6.064312056238673e-06
4.934308846009811e-06
6.083253519217955e-06
4.067345283933837e-06
2.1353022455639407e-06
4.230241367949919e-06
2.9034750294708027e-06
1.7742519712472454e-06
1.5222093979639283e-06
1.8505013477613122e-06
9.779674520046446e-07
1.917746465670645e-06
1.0408050039551803e-06
5.358315188347629e-07
1.0530765938382679e-06
1.1655342918183127e-06
0.0
total_integral 0.027827552473104943
0.001039587418358649
0.0016907943581450763
0.0018181313810720003
0.0016691459585330684
0.0019423641213462425
0.0017276679020425574
0.001501676260188614
0.001582256430500246
0.0012918035320225037
0.0011436555193237961
0.0011879384540624948
0.001158384115850427
0.0011496256886951396
0.0008342904931627591
0.0007375545932998372
0.0006912361855643941
0.0006749896642932683
0.0006097383822098955
0.0005773812985005916
0.0004812650289217363
0.0004577695491154267
0.0004347384552282954
0.0004311549631506625
0.0003723124717884588
0.00030235121864339236
0.0002542933785489332
0.0002603744189604803
0.00024462499897973393
0.00020734938485189678
0.0001776538283579793
0.00017735978463941925
0.00015943258719039455
0.0001977513630870566
0.0001081468679926012
0.00010573140922451425
0.00010319090767720017
5.444171036781893e-05
8.14885201050943e-05
6.610372264315478e-05
5.4364525071968343e-05
4.7533586158693313e-05
6.470620413348015e-05
5.0826975584264555e-05
5.019523904236608e-05
4.2726751628166943e-05
3.780473818152087e-05
4.3172125260336675e-05
3.0327833786192307e-05
2.454748131047178e-05
1.8017488882097393e-05
2.624487478299382e-05
2.1891399605337634e-05
2.4382699116078144e-05
1.715638387847082e-05
6.502815506384354e-06
1.4622893282226072e-05
8.129467079842803e-06
1.3618665925651918e-05
1.1413897152206506e-05
9.165850389193582e-06
8.057752496370006e-06
6.165733970806675e-06
5.105469587024603e-06
6.511031656561672e-06
3.987476163727274e-06
1.9710686596932355e-07
3.7700233033845295e-06
4.312377166357219e-06
3.478887375140114e-06
1.5847912773466877e-06
1.5161776538901462e-06
1.202690497871412e-06
0.0
0.0
1.4383627186841933e-06
0.0
1.38076647363941e-06
9.34746762758423e-07
2.9193771740235254e-07
0.0
total_integral 0.02837304355409068
0.0011391991683712345
0.0016257830737812925
0.0020287936997931523
0.001833013438774485
0.0015866298495026679
0.001678890984973149
0.001621227587526499
0.0015299692270760528
0.001297162394798232
0.0010879217073305812
0.0011416509877656194
0.0010388507323160524
0.0007676235126959341
0.0008724205794135289
0.0007929975970282665
0.000865222244364749
0.000550762066675148
0.0005640331308699385
0.0005345173364700385
0.0005216342068985627
0.0003586051255629578
0.00038056512773670194
0.0004140679102025235
0.0003418688545370194
0.0002795144768365014
0.00026782847767709277
0.00022892014394901837
0.00022687830072161224
0.000179490097917235
0.00024131771778135416
0.00017221923586186922
0.00014759022851545657
0.00010840175254660032
0.00011861272790814267
0.0001238130632096694
0.00011059709584552902
0.00010244050557206676
8.97476193928996e-05
7.522085003101292e-05
7.088600071420384e-05
6.376330793979625e-05
6.368965354633721e-05
4.88845240479974e-05
4.058963008725265e-05
4.46813899581308e-05
